  31  10   5   2
   1   8   6   4   2
   1   2   4   8  16
   1   3   2   4  12   6   7   8   9  10  22   5  24  14  15  23  17  18  30  20  26  11  16  13  25  21  31  28  29  19  27       5
   1  11  22   4  21   6   7   8   9  10   2  26  31  14  15  19  17  18  16  20   5   3  30  27  25  12  24  28  29  23  13       5
   1  16  23   4  13   6   7   8   9  10  19  24   5  14  15   2  17  18  11  20  31  30   3  12  25  27  26  28  29  22  21       5
   1   5  12   4   2   6   7   8   9  10  21   3  16  14  15  13  17  18  31  20  11  26  24  23  25  22  30  28  29  27  19       5
   1   2   3  14  12   6  28   8   9  10  11   5  24   4  29  16  17  25  19  20  26  22  23  13  18  21  31   7  15  30  27       4
   1   2   3  18  26   6  15   8   9  10  11  21  27  25   7  16  17   4  19  20  12  22  23  31  14   5  13  29  28  30  24       4
   1   2   3   7  13   6   4   8   9  10  11  24   5  28  18  16  17  15  19  20  31  22  23  12  29  27  26  14  25  30  21       4
   1   2   3   4   5  20  28   8  17  10  11  12  24  14  29  23   9  18  30   6  21  22  16  13  25  26  31   7  15  19  27       3
   1   2   3   4   5   9  15   8   6  10  11  12  27  14   7  30  20  18  23  17  21  22  19  31  25  26  13  29  28  16  24       3
   1   2   3   4   5   6   7  10  17   8  22  12  13  14  29  16   9  25  30  20  26  11  23  24  18  21  31  28  15  19  27       2
  -1   0   0   0   0   0   0   0   0   0   0   0   0   0   0   0   0   0   0   0   0   0   0   0   0   0   0   0   0   0   0
   0   0   0   0   0   0   0  -1   0  19   0   0   0   0   0   0   0   0   0   0   0   0   0   0   0   0   0   0   0   0   0
   0   0   0   0   0  -1   0   0  17   0   0   0   0   0   0   0  17   0   0  15   0   0   0   0   0   0   0   0   0   0   0
   0   0   0  -1   0   0  13   0   0   0   0   0   0   9  13   0   0  11   0   0   0   0   0   0  11   0   0  13  13   0   0
   0  -1   1   0   7   0   0   0   0   0   3   7   7   0   0   5   0   0   5   0   7   3   5   7   0   7   7   0   0   5   7
   1   1   2   1   2   3   1   2   3   4
   2   1
   1   1   1   1   1   1   1   1   1   1
   1  22  11   4  26   6   7   8   9  10   3  21  27  14  15  30  17  18  23  20  12   2  19  31  25   5  13  28  29  16  24       2
