  31   3   5   2
   2   3   5   4   1
   1   5  25   1   1
   7   2   3   4  15   6  13   8  22  26  16  12  17   5  25  19  24  10  28   9  14  30  20   1  21  29  11  27  31  23  18       3
  18   2   3   4   1   6  10   8   5  16   9  12  26  24   7  22  29  11  30  14  17  15  21  31  13  19  20  23  28  25  27       3
  23   2   4   8  19  12  20   6  10   5   1   3   9  16  28   7  22  14  13  18  11  26  31  30  27  15  24  17  25  29  21       2
   0  -1   0   0   0   0   0   0   0   0   0   0   0   0   0   0   0   0   0   0   0   0   0   0   0   0   0   0   0   0   0
   0   0  -1   5   0   5   0   5   0   0   0   5   0   0   0   0   0   0   0   0   0   0   0   0   0   0   0   0   0   0   0
   3   0   0   0  -1   0   3   0   3   3   3   0   3   1   1   3   3   3   3   3   1   3   3   3   1   3   3   3   3   3   3
   0   0   0  -1   0   0   0   0   0   0   0   0   0   0   0   0   0   0   0   0   0   0   0   0   0   0   0   0   0   0   0
  -1   0   0   0   0   0   0   0   0   0   0   0   0   0   0   0   0   0   0   0   0   0   0   0   0   0   0   0   0   0   0
   1   1   2
   5   0
   1   1   1
